%YAML:1.0
---
body_T_cam0: !!opencv-matrix
   rows: 4
   cols: 4
   dt: d
   data: [ 9.9991817280265605e-01, -1.1613640425939143e-02,
       -5.3638656820158542e-03, -1.7867517981237920e-02,
       1.1383982404105580e-02, 9.9909322059099215e-01,
       -4.1026107708897461e-02, 4.4262514159193076e-03,
       5.8354643020697029e-03, 4.0961688504943652e-02,
       9.9914367707112239e-01, 3.1675701460213500e-02, 0., 0., 0., 1. ]
